# Energy, Magnetization, Magnetization2, Magnetization4
-2.3173999999999997,-0.022950000000000005,0.6830277499999999,0.4827942908187501
-2.4378,0.003949999999999998,0.7656812500000001,0.5924126673812499
-2.3914,0.054400000000000004,0.7305240000000001,0.5464519780499999
-2.4,0.008999999999999996,0.7473660000000001,0.5653631931
-2.3445,-0.07319999999999999,0.7158905,0.5230590944375
-2.364,0.015399999999999999,0.708936,0.515010931275
-2.3666,0.03630000000000001,0.7231390000000001,0.5313430303
-2.3670999999999998,0.009649999999999999,0.7050652500000001,0.52268620160625
-2.3723,-0.0038500000000000114,0.72155925,0.53039046260625
-2.3853000000000004,-0.029399999999999996,0.723862,0.5394045975999999
-2.3680000000000003,0.016849999999999997,0.71369575,0.52294704911875
-2.3701,0.057749999999999996,0.7279827500000002,0.54320093534375
-2.3682,0.03765000000000002,0.7170942499999999,0.52990879660625
-2.4181,0.010199999999999994,0.748901,0.5689591466
-2.3191,0.04605000000000001,0.68773525,0.49362034763125
-2.4006,-0.018649999999999993,0.7473782499999999,0.5652475659812499
-2.4307999999999996,0.019000000000000006,0.7607800000000001,0.587296933075
-2.4121,-0.004999999999999996,0.7443860000000001,0.56237727305
-2.3714999999999997,0.04294999999999999,0.71113775,0.53012384819375
-2.3932,-0.028649999999999995,0.73683575,0.55419107901875
-2.4151999999999996,-0.028850000000000008,0.7487382499999999,0.5697083584062501
-2.3845,-0.01424999999999999,0.71791775,0.5308164512937501
-2.3562,0.010250000000000016,0.7070107500000001,0.5149815002437501
-2.2964,0.018749999999999992,0.65999775,0.47066526031875
-2.3919999999999995,0.06924999999999999,0.7349412500000001,0.55260167620625
-2.326,-0.043449999999999996,0.69241275,0.4977680601937501
-2.3575,-0.00025000000000000353,0.7106622500000002,0.52539290650625
-2.3930000000000002,0.015499999999999993,0.7309079999999999,0.5470561844250001
-2.3516999999999997,-0.004750000000000012,0.71409975,0.5239676235937499
-2.3392,0.008450000000000003,0.6986952499999998,0.5018255042562499
-2.3941999999999997,-0.022450000000000005,0.73297875,0.54481417674375
-2.3634,-0.08639999999999999,0.7216975000000001,0.5326934609125
-2.3786,-0.01764999999999999,0.7281197500000002,0.5434397208437499
-2.4319,0.04135,0.7567967499999999,0.58388767721875
-2.3962,0.047650000000000005,0.7431122499999999,0.56067912150625
-2.3663000000000003,-0.0555,0.7206225,0.5315544859875001
-2.3560000000000003,0.03219999999999999,0.706007,0.520688054975
-2.3606,0.011449999999999995,0.71578175,0.53125725959375
-2.3633,0.04724999999999999,0.7243432499999999,0.53473656853125
-2.417,-0.015899999999999984,0.7491165000000001,0.5696463488625
-2.3925,0.018649999999999996,0.72753425,0.5413103016312499
-2.4192,0.035949999999999996,0.75477425,0.5765917051812501
-2.3656,-0.010100000000000029,0.712779,0.52930336815
-2.3352,0.00925000000000001,0.69718025,0.50801924830625
-2.4090000000000003,0.022600000000000002,0.7429399999999999,0.5624622162499999
-2.4016,-0.010350000000000002,0.7289852499999999,0.54930875993125
-2.4042000000000003,-0.018850000000000013,0.7428662500000002,0.56068875975625
-2.3045,-0.029150000000000013,0.67219275,0.47091296439375
-2.3435,0.007000000000000015,0.6961824999999999,0.5011723289875001
-2.4008999999999996,-0.007949999999999997,0.73565675,0.55244265554375
-2.3792,-0.08525000000000003,0.7243242500000001,0.5412200086062501
-2.3818,-0.04239999999999999,0.72524,0.537692220725
-2.3802,-0.02744999999999999,0.73050075,0.54541373514375
-2.4288000000000003,-0.017100000000000004,0.763223,0.5897718014
-2.3916,0.012849999999999993,0.7367787500000001,0.55370102534375
-2.42,0.05950000000000001,0.7399695,0.5578330957125001
-2.4197,0.006200000000000007,0.7369225000000001,0.5630402377375
-2.3442000000000003,-0.04505000000000001,0.70573925,0.51297511990625
-2.3308,0.038299999999999994,0.6808475,0.4857266721125
-2.3931,-0.002100000000000005,0.7295345000000002,0.5467524655625
-2.3853,-0.0014500000000000125,0.7376892500000001,0.5549222044062501
-2.3637,0.0006000000000000039,0.7213635,0.5312746124625001
-2.3724999999999996,0.006099999999999997,0.7153760000000001,0.5306794199749999
-2.431,-0.015550000000000007,0.76464125,0.59174051695625
-2.3829000000000002,-0.02025,0.7331207499999999,0.5453764840187499
-2.3498,0.022799999999999994,0.7065019999999999,0.5151855637999999
-2.3927,0.017750000000000002,0.7258212500000001,0.54285132963125
-2.3712,-0.001799999999999965,0.7130825000000001,0.5274829818875001
-2.3974999999999995,-0.0010999999999999899,0.7350800000000001,0.553881099875
-2.3689,-0.02839999999999998,0.7198685,0.5309243405374999
-2.375,-0.002050000000000002,0.71467275,0.5231136486937501
-2.3903,-0.058100000000000006,0.7365665000000001,0.5540911323125
-2.3916000000000004,0.0005999999999999828,0.7296100000000001,0.5481446615500001
-2.4,0.05425,0.74645925,0.5669776412812499
-2.4046000000000003,0.07889999999999998,0.7325754999999999,0.5530757167374999
-2.3261,-0.014349999999999995,0.69939375,0.50154394269375
-2.3442,0.015,0.7093405,0.5130952182624999
-2.3894,-0.003499999999999993,0.7372760000000003,0.5555011409000001
-2.3661999999999996,0.0437,0.7034174999999999,0.5216356174125
-2.3782,0.08860000000000005,0.7281145000000001,0.5419082665375
-2.3394000000000004,0.0023500000000000023,0.7045447499999998,0.50885036574375
-2.3738,0.028249999999999997,0.7012007500000002,0.5268419692937499
-2.347,0.004150000000000018,0.70233525,0.50892986608125
-2.3337,-0.007600000000000004,0.6994220000000001,0.505002255725
-2.4170999999999996,-0.07295000000000003,0.7489662500000002,0.57050060883125
-2.3617000000000004,-0.02034999999999999,0.70589725,0.5152273788062499
-2.3732,-0.06795,0.72285875,0.53402866686875
-2.4036,-0.0522,0.7463185000000001,0.5665475958625
-2.405,0.037250000000000005,0.7404437499999998,0.55559596399375
-2.3211,-0.022750000000000003,0.68413375,0.48362338091875
-2.4326000000000003,0.019499999999999993,0.7621665,0.5882094645375
-2.3842999999999996,-0.0010000000000000098,0.7339049999999999,0.54910115205
-2.3727,-0.025350000000000004,0.7226537500000002,0.5353281094937501
-2.4006,-0.036750000000000005,0.7489252500000001,0.56802860450625
-2.3554,-0.017449999999999983,0.70764925,0.51639676973125
-2.3664,-0.025649999999999996,0.7198367500000002,0.53492794399375
-2.3796,0.0039499999999999934,0.72343275,0.53635882066875
-2.3897,-0.05465000000000002,0.7278562500000001,0.54040066280625
-2.3834,-0.020550000000000006,0.7166957500000001,0.53508018439375
-2.3777,0.027299999999999994,0.723632,0.53746063805
