# Energy, Magnetization, Magnetization2, Magnetization4
-2.1387,0.03725,0.5876347500000001,0.36994786441875
-2.2249,0.023500000000000007,0.6379205,0.42265870501249997
-2.1854,0.04435000000000003,0.58241825,0.39195608988125
-2.229,0.014449999999999998,0.60850775,0.41088359256875
-2.1544,-0.017150000000000012,0.5964702499999999,0.37565267545625003
-2.2001,-0.01635000000000001,0.60727325,0.40147567503125
-2.2354,-0.02735,0.62895475,0.42033119531875
-2.175,0.03664999999999998,0.59159575,0.38976385024375
-2.2022,-0.04780000000000001,0.6182070000000001,0.408633173925
-2.2188999999999997,0.02789999999999999,0.63106,0.42267401372499996
-2.2432000000000003,-0.0057499999999999826,0.62803975,0.41071574644375003
-2.2118999999999995,0.016049999999999995,0.62547125,0.40899506380625
-2.2352000000000003,0.018300000000000025,0.6441615,0.4289922741375001
-2.22,-0.007900000000000016,0.6175405,0.4122806722375
-2.2787,0.01514999999999998,0.67122875,0.46615367556875
-2.1999,-0.06774999999999998,0.59720825,0.3873715005312499
-2.2416,0.046350000000000016,0.64667775,0.43774515429375
-2.1713999999999998,0.0011500000000000143,0.59738825,0.38295981048125
-2.2579,-0.028500000000000015,0.6392655,0.4319135774625
-2.2303,-0.010450000000000015,0.62919875,0.42197404806875
-2.2227,0.0082,0.6358119999999999,0.4295325772
-2.2003,0.0784,0.5960555,0.3845773842125
-2.0984,0.03900000000000001,0.5329135,0.32034018831249994
-2.2036,-0.03875000000000002,0.62161325,0.40602278868125
-2.2432000000000003,0.007500000000000003,0.6402559999999999,0.4279054043
-2.1708,-0.03170000000000002,0.5649715,0.35587587208749993
-2.2077,0.044149999999999995,0.60585025,0.3898102662812501
-2.2431,0.026349999999999995,0.6487677500000001,0.43422944879375003
-2.274,0.08130000000000001,0.6514609999999998,0.45187226255000007
-2.1607000000000003,-0.011600000000000001,0.5942904999999999,0.3780947363125
-2.2769,0.0030500000000000006,0.6600562499999999,0.46340054503125006
-2.1721,-0.030650000000000004,0.56344875,0.35364547771874993
-2.1741,-0.052699999999999976,0.611814,0.393329998725
-2.1143,-0.026449999999999994,0.5380317499999999,0.33685115189375
-2.1723000000000003,-0.01155,0.57799425,0.37488128083125005
-2.1363,-0.0741,0.571508,0.357857638025
-2.1492,0.010850000000000004,0.58920725,0.3837768240312499
-2.0938,0.014550000000000007,0.52534225,0.3309304334312501
-2.0408,-0.017100000000000008,0.492174,0.30010259212499996
-2.2286,0.0035500000000000032,0.63538825,0.42796755600625
-2.2689,0.008299999999999998,0.6515310000000001,0.44180298412499996
-2.218,-0.016650000000000005,0.62999375,0.4184102444937501
-2.2257,-0.04475000000000001,0.62074975,0.42007297699375
-2.2163999999999997,-0.05289999999999998,0.6340224999999999,0.42142260823749994
-2.1762,-0.05855000000000002,0.54711675,0.35092724034374995
-2.1812,-0.020500000000000004,0.606758,0.391806322925
-2.193,0.035900000000000015,0.6206140000000001,0.3973851294249999
-2.1082,0.05719999999999999,0.534326,0.318013213325
-2.1166,0.010899999999999998,0.5542635,0.34539259691249996
-2.2215000000000003,0.0941,0.6186745,0.4128359465875001
-2.2372,-0.03909999999999998,0.639134,0.43232625545
-2.1909,-0.015649999999999994,0.60771625,0.38913962843124994
-2.1581,-0.02285000000000001,0.61519375,0.40260959891875003
-2.1188,0.01969999999999998,0.5461995,0.34725059711249995
-2.1422,0.05310000000000001,0.558501,0.3507534672
-2.1769,-0.0642,0.5745585,0.3608558875124999
-2.2336000000000005,-0.05595,0.64279025,0.44164085380625
-2.2229,0.061549999999999994,0.6234617499999999,0.40989831821874995
-2.2026999999999997,0.0052499999999999995,0.62076425,0.40294982965625
-2.2220999999999997,0.008900000000000009,0.6273580000000001,0.4236941212
-2.1565999999999996,0.049,0.5925575,0.3749677348625
-2.1343000000000005,-0.03714999999999998,0.52997575,0.33792709594375
-2.2392000000000003,-0.011899999999999996,0.6461015,0.43479058388749997
-2.241,0.0409,0.627408,0.4312702738499999
-2.238,-0.08995000000000002,0.61781725,0.41650845113125
-2.1894000000000005,-0.0783,0.594938,0.384557071925
-2.2738,0.02634999999999998,0.67211425,0.46555365233124996
-2.2563999999999997,0.007650000000000009,0.64368375,0.44085859284374995
-2.2163999999999997,0.021849999999999987,0.61678525,0.4130777893562501
-2.2100999999999997,0.008600000000000009,0.6199855,0.41008903341249997
-2.2464,0.023749999999999997,0.6488237499999999,0.44288068571874994
-2.2056,-0.006149999999999996,0.6171532500000001,0.40500422023125005
-2.2995,0.034949999999999995,0.6749837500000001,0.47578114076875005
-2.215,0.03065,0.62951425,0.41865752610625
-2.1364,-0.10500000000000004,0.557111,0.3385281931250001
-2.2348999999999997,0.0002499999999999802,0.63781975,0.43469687051875
-2.2018,0.10454999999999998,0.60628025,0.39183374425625006
-2.2144,0.03580000000000001,0.6191589999999999,0.41219065629999996
-2.1038,0.010450000000000008,0.52701375,0.33765150579375
-2.1317,0.000599999999999996,0.554127,0.349811811675
-2.2046,0.009899999999999994,0.6174514999999999,0.40677723713749997
-2.1815999999999995,0.017949999999999994,0.60900725,0.39145312465625004
-2.1250000000000004,0.0008500000000000074,0.5657997499999999,0.3576278687937499
-2.1323,0.016300000000000016,0.55804,0.341401748875
-2.2091,0.0669,0.5964229999999999,0.39033751699999997
-2.2473,-0.04625000000000002,0.6380512499999998,0.43406786945625003
-2.2373000000000003,0.07320000000000002,0.6270460000000001,0.42003907382500005
-2.1743000000000006,-0.0285,0.608086,0.38508556569999997
-2.1368,0.08240000000000001,0.568083,0.35661556552499996
-2.2533,0.06765000000000002,0.6640492499999999,0.45578065760625
-2.2422,0.014650000000000002,0.63647925,0.42563644295624997
-2.1778999999999997,0.02825000000000001,0.61318825,0.40375643670625005
-2.2352000000000003,0.023949999999999985,0.63503875,0.42902684216875
-2.1828000000000003,-0.00664999999999999,0.59282425,0.3766754689562499
-2.2519000000000005,0.022250000000000006,0.6472252500000001,0.44991856415625003
-2.1929,0.06485,0.6114477500000001,0.39908677641874996
-2.1346000000000003,0.023049999999999987,0.56031525,0.34838323430624996
-2.1945000000000006,0.049899999999999986,0.609501,0.40171990515
-2.175,-0.025100000000000015,0.575047,0.361545277225
-2.1687999999999996,-0.03415,0.59037225,0.3877031221312501
