# Energy, Magnetization, Magnetization2, Magnetization4
-1.7258999999999998,0.11725,0.25470575,0.10876262189375002
-1.6268,-0.028650000000000016,0.18246874999999999,0.05523457506875
-1.7314000000000005,0.016750000000000008,0.26516825,0.10970628513125
-1.6953,0.004100000000000007,0.206492,0.0728445584
-1.6971,0.03055,0.24489124999999998,0.08827922425625001
-1.6341000000000003,0.007399999999999985,0.2131805,0.07704582428750001
-1.5728999999999997,-0.019700000000000002,0.1448625,0.0395255932125
-1.8079000000000003,0.06465000000000001,0.31076475,0.13741298319375
-1.6536000000000002,-0.0163,0.17967699999999998,0.056712283
-1.8093000000000001,0.0018499999999999988,0.30753575,0.14520930456875
-1.6151999999999997,0.0073499999999999946,0.19752875,0.07035912546875
-1.5847,0.06434999999999999,0.13206175,0.03574429159375
-1.8538,0.10439999999999998,0.335293,0.15491833832500002
-1.6798,-0.017,0.21033100000000002,0.088787764525
-1.7279999999999998,-0.12524999999999997,0.26152075,0.10443805804375002
-1.7366000000000001,0.0548,0.27680499999999997,0.10993064582500002
-1.5541,-0.0034,0.130027,0.03788651665
-1.7927000000000002,-0.02214999999999999,0.26421124999999995,0.11810869968125001
-1.4860999999999998,-0.11055000000000001,0.13192375,0.03450571421875
-1.6701000000000001,-0.031,0.19165249999999998,0.06493973356249999
-1.7826,-0.10389999999999999,0.2843685,0.12890292041249998
-1.658,-0.025049999999999996,0.19431925000000003,0.07630609988124999
-1.6583999999999997,0.02945000000000001,0.19150425,0.07714396573124999
-1.6692999999999998,0.011750000000000012,0.22737424999999997,0.08664498460624999
-1.6733999999999998,-0.027249999999999993,0.24677075,0.09508813551875
-1.7335999999999998,0.015899999999999997,0.2548595,0.11076187433749998
-1.6592000000000002,-0.13649999999999995,0.20651400000000003,0.066368908725
-1.6236,-0.061750000000000006,0.18069125,0.05738622355625
-1.6566999999999998,-0.0074000000000000055,0.19834849999999998,0.08419598401249997
-1.6695000000000002,0.025300000000000003,0.19795449999999998,0.0769664195125
-1.6388999999999998,0.018000000000000013,0.2017275,0.0635729029125
-1.6536,0.0495,0.217675,0.0759475852
-1.5815000000000001,0.008099999999999993,0.12005749999999998,0.040334677362499995
-1.7393,0.015399999999999995,0.24466199999999996,0.08643070859999998
-1.5798999999999999,0.06225,0.13295175,0.03022640184375
-1.725,-0.0567,0.242093,0.09827201922499999
-1.6756,0.03479999999999999,0.2445155,0.09867506048750001
-1.6998999999999997,0.003599999999999996,0.25546050000000003,0.09703331096249998
-1.7688,-0.07104999999999999,0.26276825000000004,0.11901836868125
-1.6681,0.015549999999999994,0.20674674999999998,0.07500177874375
-1.7046999999999999,0.07025,0.25717375,0.10283848819375001
-1.7074,-0.014950000000000003,0.19116825,0.06921122773124999
-1.6321,-0.005499999999999994,0.22719699999999998,0.09260541265000001
-1.7545000000000004,-0.01755,0.23847474999999999,0.09134244349375
-1.6702999999999997,0.00619999999999999,0.223348,0.082827086875
-1.8231,-0.07740000000000001,0.26318199999999997,0.112974264775
-1.7438000000000002,-0.048850000000000005,0.30109125000000003,0.12394600970625001
-1.7079000000000002,-0.020499999999999997,0.24880100000000002,0.10897211450000001
-1.6173999999999997,0.03559999999999999,0.18003049999999998,0.061565132337499995
-1.6503999999999999,0.032200000000000006,0.18566549999999998,0.0631802720625
-1.6628,-0.038000000000000006,0.21006650000000002,0.0778287111875
-1.6786,-0.055299999999999995,0.22393950000000004,0.07822115988749999
-1.6760000000000002,0.00935,0.24898225,0.10471538393125
-1.7399,-0.05165,0.27928025,0.12008199753125
-1.7709000000000004,0.06755000000000001,0.29549975,0.12772777581875
-1.6840000000000002,0.07335,0.20950675,0.07716355714375
-1.6650000000000003,0.019049999999999997,0.20477225000000002,0.07548326620625
-1.7273999999999998,0.02625000000000001,0.25178025,0.09126500990625001
-1.5299,0.019699999999999992,0.14672400000000002,0.05048175375
-1.6318999999999997,-0.0358,0.17187900000000003,0.053468990174999995
-1.8532000000000002,0.09929999999999999,0.312326,0.15301454165
-1.6538000000000002,0.0017000000000000014,0.21504399999999996,0.07803476335
-1.7208,-0.04230000000000001,0.236716,0.08936470247499999
-1.6757,0.012700000000000006,0.22950999999999996,0.077093367175
-1.7320999999999995,-0.05155000000000001,0.25711625,0.10079759500625
-1.7147,0.04385,0.27317925000000004,0.10312753018125
-1.5106999999999997,0.0108,0.17743249999999997,0.056126596512499995
-1.6494000000000002,-0.0377,0.18757,0.06632903545
-1.6833,0.08985,0.19549925,0.07208335188125001
-1.6725,-0.053000000000000005,0.23854300000000003,0.08535770455
-1.8251000000000002,-0.0034999999999999944,0.30351,0.137990521275
-1.7865,0.016700000000000003,0.26901050000000004,0.11760465106250001
-1.8804999999999998,0.06785,0.39560125,0.19907566590625003
-1.6321999999999997,0.09685000000000002,0.21211675,0.07046576644375
-1.5746,0.0481,0.1419255,0.0400186256625
-1.6883,-0.06165,0.22710024999999998,0.08446590863125002
-1.6738,0.01039999999999999,0.24163400000000002,0.09097506409999997
-1.7378,-0.025750000000000002,0.23653025000000003,0.09368034955624997
-1.7012,-0.007399999999999993,0.229457,0.0839920397
-1.8278999999999999,0.07325,0.33917875000000003,0.16154134684375004
-1.5418999999999996,-0.07604999999999999,0.12660275000000001,0.031439450693749996
-1.7616,0.0545,0.264214,0.106624043725
-1.7692999999999999,0.013649999999999989,0.31611075,0.13768698414375
-1.6371999999999998,0.041550000000000004,0.20282124999999998,0.07359517440624999
-1.7194,-0.0030499999999999894,0.24146075000000003,0.09488286734375002
-1.6808,0.024699999999999993,0.226583,0.098208367925
-1.6856,0.010099999999999993,0.22610100000000002,0.08365371285000002
-1.6842000000000001,-0.03995,0.24432724999999997,0.09148355230625
-1.757,0.033850000000000005,0.28576125,0.12403077530625001
-1.6935,-0.0009000000000000091,0.2565745,0.11288727343750002
-1.6663,-0.008799999999999995,0.2312245,0.08929806441249999
-1.7722,0.010399999999999996,0.259422,0.1005201285
-1.806,-0.044950000000000004,0.28966575,0.12098083014375
-1.6905000000000001,0.10110000000000001,0.2215415,0.08701725548750001
-1.7791,-0.05289999999999999,0.23657399999999998,0.09055467067499999
-1.6887999999999999,0.0447,0.2510335,0.10183219063750001
-1.7364000000000002,-0.027600000000000006,0.251015,0.0939871331
-1.6381000000000001,-0.030750000000000006,0.22374225000000003,0.08290232068124999
-1.6014000000000002,-0.05029999999999999,0.18409149999999996,0.056552922812499996
-1.7491000000000003,0.035050000000000005,0.31412575,0.13201583569375
