# Energy, Magnetization, Magnetization2, Magnetization4
-1.5757000000000003,-0.054349999999999996,0.13822075,0.03422068286875
-1.4394999999999998,0.0075499999999999986,0.08934025000000002,0.01905349343125
-1.4390999999999996,0.0005499999999999978,0.10412475000000003,0.024230375418750002
-1.6074000000000004,-0.008949999999999991,0.19008125000000003,0.07324898830624998
-1.3288,0.042800000000000005,0.1039405,0.0200122448125
-1.4509999999999998,-0.026700000000000005,0.11544750000000001,0.031421688262500004
-1.4666,0.0025999999999999964,0.08969800000000001,0.0205893331
-1.455,0.04145000000000001,0.11652774999999999,0.03347915171875
-1.5256,0.05124999999999999,0.15380024999999997,0.04286870135625
-1.4565000000000001,0.06105000000000001,0.09508674999999998,0.02055193189375
-1.5307,-0.0073499999999999946,0.13555475,0.03334747221875001
-1.5119999999999998,-0.0626,0.134009,0.0404545229
-1.4086,-0.009149999999999998,0.09516525000000002,0.02532286220625
-1.5612000000000001,-0.0005000000000000004,0.120749,0.031545485225
-1.4072,0.03925,0.12577824999999998,0.032929661556249996
-1.5346000000000002,-0.02165000000000001,0.12820874999999998,0.03415801689375
-1.2886000000000002,0.04829999999999999,0.06429750000000001,0.0119786968875
-1.5182999999999998,0.012100000000000001,0.1365635,0.04013014163750001
-1.6662000000000001,-0.017749999999999995,0.17862475,0.055429630618749996
-1.6468999999999996,0.0427,0.17969900000000003,0.058199482925000004
-1.5950999999999995,0.004399999999999999,0.1812295,0.0588354301375
-1.4499000000000002,0.014199999999999997,0.1373295,0.049498707487499995
-1.4901999999999997,-0.005600000000000002,0.09473600000000001,0.020593537999999998
-1.3710999999999998,-0.030699999999999998,0.10838399999999998,0.026357817
-1.5417,-0.03695,0.11466275,0.025456470443750004
-1.5394000000000003,-0.0154,0.142313,0.037895589725
-1.4194000000000002,-0.018199999999999997,0.122879,0.02847660065
-1.5696,-0.0778,0.143451,0.044941135875
-1.493,0.013999999999999995,0.1009275,0.019734564337499996
-1.5547,0.01885,0.11877725000000001,0.028727161531250003
-1.5257000000000003,-0.027450000000000002,0.12895575,0.035715490518750004
-1.3943000000000003,-0.0371,0.0823565,0.014742603237499999
-1.4875,0.05175,0.09168624999999998,0.026595293181250007
-1.5144,-0.012650000000000008,0.14760574999999998,0.040060378793750004
-1.5534999999999999,-0.035899999999999994,0.17760950000000006,0.0589744191125
-1.6064999999999998,0.12515,0.18574225000000003,0.06484605158125
-1.5606000000000002,-0.06199999999999999,0.13840249999999998,0.0364490014625
-1.4882000000000002,-0.004299999999999998,0.1421325,0.0358936483125
-1.5878999999999999,0.02565,0.16434374999999998,0.047105779893750005
-1.445,-0.0728,0.137598,0.0342938184
-1.5068000000000001,-0.0815,0.143338,0.03982057149999999
-1.5548,0.007050000000000003,0.13518375000000002,0.04073799451875
-1.5056,-0.01145,0.10228725000000001,0.024044929406250005
-1.4365999999999999,-0.03544999999999999,0.09703625,0.022985076331249993
-1.4803,-0.017199999999999997,0.12591600000000003,0.030575576625
-1.6138,-0.0451,0.1792755,0.05991767381250001
-1.4738,0.05134999999999998,0.08938375000000001,0.020665264393749997
-1.4523,-0.11375,0.12385575000000001,0.02731779301875
-1.5467999999999997,0.04130000000000001,0.1215715,0.035087057087500005
-1.4281,-0.013949999999999995,0.10042225,0.021421275831250003
-1.4958,-0.0461,0.12295350000000001,0.030099306262500004
-1.4488999999999999,-0.02145,0.12811275,0.03116646309375
-1.3870999999999998,0.010300000000000002,0.10094249999999999,0.0221024677125
-1.3735,0.033100000000000004,0.08267799999999999,0.014996324875
-1.5506,-0.09759999999999999,0.1399845,0.038947083937499995
-1.5217,-0.008199999999999997,0.11425599999999997,0.031325628700000004
-1.5723999999999998,-0.03375,0.18055125,0.06160632800625001
-1.5540999999999996,-0.0275,0.134886,0.041339079900000006
-1.5312999999999999,0.006800000000000001,0.1315305,0.0351629470875
-1.5532000000000001,-0.009100000000000006,0.139313,0.041400628849999996
-1.4217999999999997,-0.029200000000000007,0.09073649999999998,0.0169218955875
-1.5758000000000003,-0.023550000000000005,0.11931575000000003,0.030102275093750006
-1.5930000000000002,-0.11690000000000002,0.14998650000000002,0.0412364191125
-1.4753,-0.030699999999999998,0.11906400000000002,0.035371505025
-1.4135999999999997,0.0176,0.084527,0.01946512475
-1.4298,-0.0387,0.09158300000000001,0.01859708015
-1.5907,-0.0292,0.1315955,0.0336292089125
-1.4558000000000004,-0.006749999999999994,0.12725775,0.028819183593749992
-1.5033999999999998,-0.1371,0.13328099999999998,0.0309516357
-1.4689,-0.008950000000000007,0.11028774999999999,0.021137434918750007
-1.5881999999999998,0.02245,0.15836175,0.04593243256875001
-1.4427,-0.014800000000000004,0.09040799999999999,0.019967364300000002
-1.4949000000000003,-0.006999999999999998,0.1321535,0.0394856565125
-1.5370999999999997,-0.024400000000000005,0.08122299999999999,0.014425112500000002
-1.4596,-0.061049999999999986,0.07746374999999998,0.015683358618749997
-1.4042,-0.02004999999999999,0.07891074999999999,0.015740572393750003
-1.524,0.01840000000000001,0.10593999999999998,0.023706574225000002
-1.5191999999999999,-0.0189,0.11053849999999998,0.0323968539125
-1.3885000000000003,-0.007050000000000001,0.09790625,0.023039151706250004
-1.5001000000000004,-0.014450000000000003,0.12378524999999999,0.03466146598125
-1.6164999999999998,-0.018199999999999997,0.172466,0.05779657309999999
-1.4545000000000001,-0.03165000000000001,0.08091275000000002,0.012388266518750001
-1.514,0.005349999999999999,0.15442575000000003,0.05067618984375
-1.4312000000000002,-0.04345000000000001,0.08171825,0.016577873581250003
-1.3718999999999997,0.09084999999999999,0.09537725,0.01766360433125
-1.5045,-0.04625,0.13350675,0.033224622918749995
-1.5877999999999997,-0.006499999999999986,0.155503,0.056953655124999995
-1.5423,-0.09,0.147679,0.038813441575
-1.4998999999999998,-0.0069,0.1084045,0.025368854012499997
-1.4813,0.04500000000000001,0.10607500000000002,0.0242862622
-1.4189999999999998,-0.05095000000000001,0.11648125000000001,0.02442062070625
-1.6880000000000004,-0.01994999999999999,0.24278224999999995,0.08836021150625001
-1.5406,-0.07005,0.17878175,0.05457101241875001
-1.5914999999999995,0.08545,0.14503475,0.042010300868749996
-1.6473999999999998,0.05824999999999998,0.19809875,0.07011845271875
-1.5233999999999996,0.05890000000000001,0.16168499999999997,0.047207616375
-1.6014000000000002,-0.011750000000000012,0.18704825,0.05837573778125
-1.4305,0.01039999999999999,0.105227,0.022512149600000003
-1.4384000000000001,0.06475,0.09764574999999999,0.02438460514375
-1.6513999999999998,0.044500000000000005,0.18886050000000001,0.0606730816125
