# e, |m|, m2, m4 [calculated 2025-01-16 13:12:56.659059]
-1.7828,0.5314,0.33357950000000003,0.15633203431249998
-1.7904999999999998,0.5227499999999999,0.31423675,0.13643927966875
-1.7833999999999997,0.49824999999999997,0.30538925,0.13642321045625
-1.7895999999999999,0.5306,0.317622,0.13853025870000002
-1.8744,0.5410499999999999,0.3359192499999999,0.15277195755625
-1.9131,0.5972,0.3926605,0.1910852345125
-1.811,0.5535,0.34427749999999996,0.1543042173875
-1.7808000000000002,0.52195,0.31494125,0.14043943210625
-1.7830000000000001,0.5440499999999999,0.33374775,0.14379936106875
-1.8355000000000001,0.56015,0.36562575,0.19108588531875004
-1.7861999999999998,0.4389,0.24972049999999996,0.1063517178125
-2.0309,0.6588999999999998,0.47281999999999996,0.267871094675
-1.8005999999999998,0.5098499999999999,0.31721475,0.14462450079375
-1.8422000000000003,0.5381499999999999,0.33307025,0.14859272283125
-1.9118999999999997,0.58205,0.38739575000000004,0.19735089261875
-1.7262,0.49529999999999996,0.2859125,0.1128337380125
-1.7993000000000001,0.52885,0.3222822500000001,0.14397212470624998
-1.7494999999999998,0.4353,0.24110149999999997,0.09559430446250002
-1.8175,0.5224,0.3185075,0.1478072468375
-1.6939999999999997,0.4515,0.243573,0.08914153709999997
-1.8230999999999997,0.50855,0.31054975,0.14038182964375
-1.8369000000000002,0.5680000000000001,0.3575650000000001,0.16527668552500002
-1.6688999999999998,0.43365000000000004,0.23425225000000005,0.08952979860625002
-1.7501,0.47119999999999995,0.2796815,0.12312896956250001
-1.6497999999999997,0.4163,0.217474,0.08022702055
-1.7088999999999999,0.47025000000000006,0.27467925,0.12038303480625
-1.8415000000000001,0.5719,0.36129900000000004,0.16216903387499998
-1.8457,0.5466000000000001,0.3453505,0.1613333424625
-1.6655999999999997,0.4111,0.2236055,0.08839048373749998
-1.8567000000000002,0.5604,0.35801800000000006,0.17346551065
-1.7708,0.48655000000000004,0.29783224999999997,0.13695572440624998
-1.8211000000000002,0.5243999999999999,0.317242,0.1414978432
-1.8628000000000002,0.5109999999999999,0.30957900000000005,0.136873204575
-1.8507000000000002,0.5465,0.3375965000000001,0.1563419607875
-1.8351,0.5405000000000001,0.3416465,0.1599842423375
-1.7246999999999997,0.45894999999999997,0.26894075000000006,0.11651440784375001
-1.8377000000000001,0.5226999999999999,0.32279650000000004,0.1501786756375
-1.6844999999999999,0.4059,0.22283050000000004,0.09038350318750002
-1.765,0.4753,0.27784749999999997,0.1215317180125
-1.7993999999999999,0.5321,0.3201175,0.1344126800875
-1.7541,0.46995,0.26621625000000004,0.10499699120625001
-1.8525999999999998,0.534,0.336433,0.156717420175
-1.7423000000000002,0.4977,0.297646,0.12882092995
-1.8046,0.5269,0.3190695,0.13958568461249998
-1.8205,0.52305,0.32048775,0.14631255759375003
-1.7830000000000001,0.49,0.28301099999999996,0.1181454834
-1.9409,0.6095,0.4075744999999999,0.20580130351249998
-1.7380000000000002,0.47600000000000003,0.27887049999999997,0.11926994406250001
-1.9047,0.58135,0.3842257499999999,0.19939370881875
-1.8912,0.5623,0.3708200000000001,0.1854676388
-1.8381999999999998,0.54935,0.34342225,0.15907690328125
-1.9168,0.5794,0.3725165,0.17964803618749997
-1.7391999999999996,0.4432,0.256145,0.1135868009
-1.8688,0.5528500000000001,0.36079725,0.17784076783125
-1.8408000000000002,0.55075,0.33552175000000006,0.14658266051875002
-1.569,0.32794999999999996,0.15362425,0.049878704181250004
-1.6228,0.39289999999999997,0.205695,0.07983881212499999
-1.7896999999999996,0.4907500000000001,0.28946075,0.12351839684374999
-1.8270000000000002,0.5192999999999999,0.310343,0.13434459042500002
-1.8018,0.52955,0.33009974999999997,0.15105364681875
-1.9172,0.5855999999999999,0.38096050000000004,0.1841496193375
-1.7205,0.4401,0.257574,0.10925902927499999
-1.8361,0.5414,0.34665100000000004,0.16291477329999998
-1.9119,0.5836,0.38317899999999994,0.18289595214999999
-1.6285999999999998,0.4176,0.21917799999999998,0.075804132775
-1.7624000000000002,0.43799999999999994,0.24272299999999997,0.09788394784999997
-1.8197000000000003,0.54805,0.33465975,0.14624962554375004
-1.7816999999999998,0.5476,0.33664950000000005,0.15041013821250002
-1.7475999999999998,0.49065,0.29022125000000004,0.12648373990625
-1.8660999999999999,0.57745,0.38143075000000004,0.19059223961875
-1.8725999999999998,0.57235,0.36642175,0.16702414286875
-1.8225,0.5505,0.350846,0.169810835225
-1.7423,0.4603999999999999,0.260661,0.09948658559999998
-1.8598999999999999,0.5511499999999999,0.34680074999999994,0.15991085964375001
-1.7956,0.48730000000000007,0.293413,0.13680927445
-1.8485999999999998,0.5191500000000001,0.32508075000000003,0.15346490274375
-1.5220999999999998,0.34095,0.16122825,0.053854153031250004
-1.8258999999999999,0.5606,0.36145200000000005,0.1725854442
-1.7225,0.41370000000000007,0.22533799999999998,0.089474574275
-1.7819999999999998,0.4711,0.27683349999999995,0.1171347599125
-1.8022999999999998,0.5059999999999999,0.31428500000000004,0.1441580312
-1.7529000000000001,0.4783,0.2739745,0.11438715433749998
-1.7803,0.5034000000000001,0.294486,0.12372809017500001
-1.8056999999999999,0.55695,0.34232275,0.15003423986875
-1.8325,0.5427000000000001,0.335716,0.1526555191
-1.7005000000000001,0.45765,0.25437425,0.09847539543125
-1.8111,0.5202,0.3177255,0.1399093759875
-1.7823,0.4755500000000001,0.28111474999999997,0.12101566874374999
-1.776,0.4975,0.2899485,0.11860982868750002
-1.7176999999999998,0.42175000000000007,0.22829725000000003,0.08436512618124999
-1.6673999999999998,0.43770000000000003,0.234238,0.085923322225
-1.8465999999999996,0.53215,0.33932275000000006,0.16500424864375
-1.6658000000000002,0.37229999999999996,0.19540600000000002,0.075029387725
-1.6557000000000002,0.4174,0.2338725,0.10106542991249999
-1.805,0.54295,0.33727475000000007,0.15499267761875
-1.8139,0.5166000000000001,0.311884,0.139340769025
-1.6896,0.45570000000000005,0.24494749999999998,0.08906181226250003
-1.7726,0.5154,0.30736600000000003,0.131470593475
-1.8703999999999996,0.5578000000000001,0.35058350000000005,0.1603618317125
-1.7225,0.47259999999999996,0.2691505,0.10717132198750001
