# e, |m|, m2, m4 [calculated 2025-01-16 13:13:33.794915]
-2.2053,0.77325,0.60812075,0.39064962531874997
-2.2003000000000004,0.7696,0.6081485,0.3975272902625
-2.261,0.7979999999999999,0.6503710000000001,0.44789367025
-2.2812,0.80745,0.65850025,0.44868037305624997
-2.2879,0.8123000000000001,0.6667385,0.46053154891250003
-2.3027999999999995,0.83075,0.6941782500000001,0.49215864673125
-2.2568,0.7981999999999999,0.6511255000000001,0.44621078751250004
-2.2480999999999995,0.7921,0.6416435,0.4352235219125001
-2.2100000000000004,0.7953500000000001,0.63872825,0.42257164570625
-2.2792,0.8165,0.678557,0.48175838157499995
-2.3099,0.828,0.6904805,0.4892515830125
-2.3328,0.8307000000000001,0.6980230000000002,0.5054344755250001
-2.2532,0.8099,0.6624755,0.45435861346250006
-2.2597,0.8023,0.655351,0.45176173104999995
-2.2434,0.7741000000000001,0.6171825000000001,0.4122277058624999
-2.2742999999999998,0.80515,0.6561057500000002,0.44779438739375005
-2.2637,0.7995500000000001,0.65390525,0.45230169063125003
-2.3361000000000005,0.8201000000000002,0.6863775,0.49762964928750003
-2.2155,0.7785,0.615474,0.40025325194999994
-2.3004,0.81195,0.66798575,0.46499895734375
-2.2415000000000003,0.7855500000000001,0.6346037499999999,0.42909085676875003
-2.2695,0.8061,0.6557565000000001,0.4441179207375
-2.2782999999999998,0.8133999999999999,0.6686875000000001,0.4626146776375
-2.2064,0.7706999999999999,0.6104330000000001,0.40343202162499997
-2.3009,0.8168,0.6768125,0.4778797737125
-2.2557,0.7954999999999999,0.6400440000000001,0.42687231375
-2.2011999999999996,0.7615999999999999,0.6029875,0.39639046408750006
-2.3168,0.82855,0.6949182500000001,0.49787637648125
-2.231,0.7926000000000001,0.6381335,0.4284909564125
-2.2987,0.8228500000000001,0.6817027500000001,0.47653996359374995
-2.276,0.7997,0.6531795000000001,0.4531478916375
-2.3365,0.8340500000000002,0.7016007499999999,0.5060901540687499
-2.2468,0.8013499999999999,0.6491052500000001,0.43671845170624995
-2.2285999999999997,0.7839500000000001,0.62520975,0.41344780044375007
-2.2241000000000004,0.78825,0.6391787499999999,0.43301754394375
-2.2226,0.7819000000000002,0.633081,0.4297510144500001
-2.259,0.7916500000000001,0.63824875,0.42980521564375
-2.3302000000000005,0.82705,0.6922887499999999,0.49630441116874996
-2.2963,0.8229000000000001,0.6820515,0.47736970871249995
-2.1919,0.76775,0.60308425,0.38720367765624997
-2.3058,0.821,0.682386,0.48490726515000004
-2.2772,0.81,0.6651775000000001,0.46202647746250003
-2.2689999999999997,0.8061000000000001,0.6607855,0.4578355142125
-2.2207,0.78045,0.62164375,0.41068711361875
-2.3043,0.8227500000000001,0.6818237500000001,0.47754087056875
-2.2276000000000002,0.77325,0.6217857499999999,0.42371022141875003
-2.2532,0.7759499999999998,0.62565125,0.4240507955562501
-2.2392000000000003,0.7924999999999999,0.638415,0.42902002987499993
-2.2491,0.8017999999999997,0.6514945,0.4443791827375001
-2.2611999999999997,0.8035,0.654235,0.44571039339999996
-2.3158000000000003,0.8292499999999999,0.6924862500000001,0.49164448040625003
-2.3361,0.8353,0.7040055000000001,0.5106622195125
-2.2376,0.7596,0.6141515,0.42240039616249997
-2.2972,0.82085,0.67962275,0.4762325045937501
-2.2496,0.7896,0.6353930000000001,0.4261714007749999
-2.3082,0.8205500000000001,0.67969825,0.47710615290625
-2.2937,0.8227499999999999,0.6816717499999999,0.47643598244375
-2.2824,0.8108,0.6646105000000001,0.45846083481250005
-2.3341,0.8406000000000001,0.711268,0.5172223606
-2.2593,0.7977500000000001,0.65081575,0.44563620874375
-2.3621,0.8433499999999999,0.71628625,0.52576989060625
-2.3067,0.82215,0.6825227500000001,0.48036335659374996
-2.2405,0.76705,0.6222022500000001,0.42805404628125004
-2.2513999999999994,0.80305,0.65296325,0.44576509450625
-2.3516000000000004,0.8380999999999998,0.7066205000000001,0.5100558444875
-2.3125999999999998,0.8177499999999999,0.6778977500000001,0.48074389761875
-2.2436,0.79305,0.63842275,0.42966673691875
-2.2447999999999997,0.8044,0.6538660000000001,0.44303897027499994
-2.2653999999999996,0.8058999999999998,0.6580039999999999,0.45084516035
-2.2567000000000004,0.80355,0.65205925,0.44019303120625
-2.3118,0.82015,0.6837847499999999,0.48807783271874994
-2.2785999999999995,0.8089000000000002,0.6632994999999999,0.4604165340625
-2.2591,0.79825,0.6436142499999999,0.4285595629562499
-2.2862,0.8199,0.6803364999999999,0.4801630205875
-2.2933999999999997,0.81955,0.6774997500000001,0.4732544949937499
-2.3203,0.8338,0.7060764999999999,0.5148681158875
-2.3005,0.8275000000000001,0.6907480000000001,0.49118063200000006
-2.2597,0.7776,0.6356605,0.4398685940125
-2.2638000000000003,0.7924499999999999,0.6437572499999998,0.43880945068125
-2.2548,0.7795000000000001,0.6275825,0.4243798205375
-2.2495,0.79625,0.6405022499999999,0.42567089990625
-2.2419,0.7877,0.6312445,0.42106858191249996
-2.2310000000000003,0.7931,0.6379184999999999,0.4271732478375
-2.2838,0.8191499999999999,0.6775752500000002,0.47447326120625
-2.2701,0.78105,0.63192325,0.4356446964812499
-2.2872000000000003,0.81605,0.6713177499999999,0.46310238739375004
-2.3188000000000004,0.8213999999999999,0.6808799999999999,0.4788592812750001
-2.2426000000000004,0.7917499999999998,0.63830875,0.43207608904375
-2.2075,0.77645,0.62077025,0.41458125325625006
-2.2641999999999998,0.81585,0.67081925,0.4624306470312499
-2.2806,0.8144,0.669444,0.4625413494750001
-2.2387,0.7813999999999999,0.6261230000000001,0.41999877665
-2.2922,0.82085,0.67909925,0.47426847370625
-2.2353,0.7835500000000001,0.6264467499999999,0.41529747619375
-2.3179999999999996,0.83135,0.6961267499999999,0.4966825437187499
-2.2815,0.8100999999999999,0.6642960000000001,0.457807884825
-2.2207,0.7843000000000001,0.6249905,0.4108458754625
-2.3310999999999997,0.8175999999999999,0.6850830000000001,0.49294116824999995
-2.2880999999999996,0.8248000000000001,0.6859305,0.4840768783125
-2.2741999999999996,0.7878000000000002,0.646407,0.45403850819999997
