# e, |m|, m2, m4 [calculated 2025-01-16 13:12:40.221586]
-1.5181,0.29560000000000003,0.12069650000000001,0.029747602287499994
-1.5714999999999997,0.3425,0.162452,0.052848102200000004
-1.5963,0.3515,0.16501250000000003,0.0562117834625
-1.3721,0.25884999999999997,0.09911125,0.02352455618125
-1.5017000000000003,0.32275,0.14102425,0.03796656750624999
-1.5433000000000001,0.3911,0.200686,0.0672289423
-1.4289,0.27649999999999997,0.11249299999999998,0.026276975824999996
-1.5911,0.33695,0.14881525,0.041180666556249995
-1.5552000000000001,0.39779999999999993,0.189391,0.0539816998
-1.6326000000000003,0.35995,0.18293225000000002,0.06822986050625
-1.5363000000000002,0.33525,0.14319824999999997,0.03627614878125
-1.3934,0.21509999999999999,0.07,0.013374123250000002
-1.5136999999999998,0.29165,0.13011825,0.037459005131249994
-1.3988000000000003,0.26004999999999995,0.10549025000000001,0.02545558053125
-1.6636000000000002,0.40105,0.20014275,0.06540222924375
-1.5857,0.3146,0.13355749999999997,0.0335687885375
-1.5186000000000002,0.3461,0.16666799999999998,0.054990522750000013
-1.4243999999999999,0.26144999999999996,0.09894874999999999,0.022031267618750003
-1.5803,0.32730000000000004,0.14624700000000002,0.042813153825
-1.7689999999999997,0.46975,0.27224225,0.11253276273125001
-1.5465,0.3431,0.1605405,0.049864213687500006
-1.5518,0.3261,0.139414,0.036840406825
-1.5119,0.32854999999999995,0.14099575,0.032905016968750006
-1.4592999999999998,0.24914999999999998,0.09495024999999999,0.02234067518125
-1.4842999999999997,0.284,0.10382850000000002,0.018631684012500004
-1.4426999999999999,0.3073000000000001,0.1332255,0.0362110768125
-1.4683000000000002,0.289,0.11835350000000001,0.032552981712500005
-1.6380000000000001,0.3049,0.1386745,0.049586733137500005
-1.6104999999999998,0.31189999999999996,0.15893499999999997,0.058990863624999994
-1.4761999999999997,0.30905,0.12882025,0.03441811538125
-1.6195999999999997,0.39085000000000003,0.19232525,0.061774762831249996
-1.6862000000000001,0.40070000000000006,0.205379,0.069734227925
-1.4411,0.29175,0.13312775,0.04976613651875
-1.5855000000000001,0.34409999999999996,0.15108850000000001,0.042710430812500005
-1.5148,0.30225,0.12106275,0.02812474636875
-1.5367999999999997,0.34230000000000005,0.149926,0.03893223459999999
-1.5722999999999998,0.33945000000000003,0.15548675,0.044685891743750004
-1.5505000000000002,0.31775,0.13605974999999998,0.03672138129375001
-1.6986999999999997,0.36945,0.18321125000000002,0.06447852363125
-1.6197,0.34145,0.16989025,0.06154390665625
-1.5036000000000005,0.2664500000000001,0.10942175000000001,0.032521814093750004
-1.536,0.33655,0.16161375,0.051973764393750004
-1.6698999999999997,0.39755,0.20582825,0.07273694448125001
-1.6325999999999998,0.38384999999999997,0.19883675,0.06697185989374999
-1.5548999999999997,0.3288999999999999,0.15056250000000002,0.04533564461249999
-1.575,0.33245,0.15960524999999998,0.05337607783125
-1.5365,0.3135,0.132544,0.03567265555000001
-1.5959000000000003,0.34204999999999997,0.16520875000000004,0.06021803741874999
-1.5081,0.2528,0.092354,0.019005264725
-1.6253,0.34049999999999997,0.15837349999999997,0.049125927237500006
-1.6742,0.4045,0.20970600000000006,0.073719780225
-1.5697999999999999,0.37625,0.18341225000000003,0.05887825578125
-1.4921000000000004,0.27815,0.11923875,0.03419839089375
-1.6051000000000002,0.4011,0.19818549999999996,0.060612033812499994
-1.6201999999999999,0.3989999999999999,0.19299550000000004,0.05881091871250001
-1.6721000000000001,0.40434999999999993,0.22226125,0.08988906803124999
-1.717,0.4371500000000001,0.24854124999999996,0.11211403170624999
-1.5425,0.3353,0.1506435,0.04259515548750001
-1.5603,0.29125,0.11002925,0.024490165306250002
-1.4396,0.27380000000000004,0.1168745,0.0322907903375
-1.6296000000000002,0.3698999999999999,0.18817550000000005,0.07392424126250001
-1.4677999999999998,0.31725000000000003,0.14354125,0.04187895870625
-1.5693000000000001,0.29800000000000004,0.131328,0.0381942069
-1.6376999999999997,0.34135000000000004,0.18141725,0.07148229670625
-1.5639999999999998,0.33795,0.15718225,0.04976560673125001
-1.5526,0.27025,0.10864374999999998,0.02519285104375
-1.6090999999999998,0.3680999999999999,0.1805115,0.058693850962499995
-1.5129,0.32685000000000003,0.14326674999999997,0.04115335789374999
-1.4002000000000001,0.2691,0.10793849999999999,0.0251069602875
-1.5839999999999999,0.3208,0.14457200000000003,0.045085322299999994
-1.5422,0.36345,0.16477525000000004,0.045419756856250014
-1.5694,0.3016,0.1334345,0.040211483562500004
-1.5817999999999999,0.3556,0.157998,0.044005733325000004
-1.6041999999999998,0.37579999999999997,0.183899,0.059182486549999996
-1.4789000000000003,0.27585,0.11399224999999999,0.02979681723125
-1.5619999999999998,0.36210000000000003,0.17080150000000002,0.0525347060125
-1.5066,0.32150000000000006,0.131043,0.030079720575
-1.5996000000000001,0.3157,0.138491,0.039155992699999996
-1.6362999999999999,0.34819999999999995,0.16829700000000003,0.05690932995
-1.5974000000000002,0.42145000000000005,0.21602475000000002,0.07245646756875
-1.5569000000000002,0.29545000000000005,0.13581925,0.04338870758124999
-1.6069000000000002,0.37660000000000005,0.1844625,0.0643730957625
-1.4977,0.2814,0.111784,0.026544313075000003
-1.574,0.3355,0.1568135,0.0480870339125
-1.5765,0.35434999999999994,0.17209674999999997,0.059341051318750004
-1.5627000000000002,0.3681999999999999,0.17222600000000005,0.054129912124999985
-1.4915,0.29414999999999997,0.12875425,0.03581578785625
-1.5238,0.3143,0.1376345,0.0395154047375
-1.5384,0.32465000000000005,0.15324525,0.052960184381250004
-1.5611000000000002,0.35710000000000003,0.17227199999999995,0.05723107237499999
-1.495,0.29889999999999994,0.1265105,0.0336600614375
-1.6508999999999998,0.4281999999999999,0.22561050000000002,0.0815769886125
-1.5755,0.3356,0.154433,0.046151087524999995
-1.5413,0.36754999999999993,0.17042574999999996,0.049533085918750004
-1.5929999999999997,0.3696999999999999,0.1698665,0.0479906304875
-1.5527000000000002,0.32514999999999994,0.14541575,0.04396512081875001
-1.6276,0.37935,0.18754475000000004,0.05729609564375
-1.5328,0.32470000000000004,0.1437965,0.042068363187500006
-1.5467,0.36290000000000006,0.1614865,0.041129732912499994
-1.6199,0.34614999999999996,0.17467025,0.06005609095625001
