# e, |m|, m2, m4 [calculated 2025-01-16 13:13:20.887583]
-2.1396,0.71525,0.54440125,0.34187997038125006
-2.1179,0.7325999999999999,0.5507625,0.32839722041249997
-2.085,0.71195,0.53910725,0.32550072918125006
-2.138,0.7492,0.5777874999999999,0.35746095298749997
-2.1912000000000003,0.7787999999999999,0.6210185,0.4126348435625
-2.0684,0.6875999999999999,0.503753,0.2929756979
-2.1128,0.7293999999999999,0.553386,0.34077325350000004
-2.0891,0.7161,0.539236,0.32664149207500004
-2.0398000000000005,0.68865,0.50472525,0.29763806368125
-2.0909000000000004,0.7282,0.548419,0.33091600022499995
-2.1141,0.7070000000000001,0.5335145,0.3328669859375
-2.1256,0.7225,0.552787,0.349356293425
-1.9609,0.6181,0.4511834999999999,0.2733334390125
-2.0867999999999998,0.70815,0.52466475,0.30743984079375003
-2.1551,0.75385,0.58857225,0.37454408533125
-2.0894,0.6767,0.5159825000000001,0.3209448323375
-2.1158,0.7025999999999999,0.522545,0.31623894529999996
-2.1201,0.7129000000000001,0.541601,0.34155648972499997
-2.1518,0.73485,0.5624717499999999,0.35190812869375
-2.2096999999999998,0.7765,0.6211614999999999,0.4143477539125
-2.1117999999999997,0.7204999999999999,0.544765,0.3372528825999999
-2.1979,0.787,0.6274975,0.4113022234374999
-2.1521,0.7227499999999999,0.5577072500000001,0.3590628495312499
-2.0566000000000004,0.6931999999999999,0.513692,0.300796330775
-2.0422,0.6666000000000001,0.484525,0.280142491
-2.0515,0.6969,0.5105580000000001,0.296952036075
-2.1846,0.7839499999999999,0.62148375,0.40182287409375
-2.2287,0.8035000000000001,0.6500094999999999,0.4327972147375
-2.0258,0.6890999999999999,0.5097875,0.3014731458875
-2.0662000000000003,0.72085,0.5372447499999999,0.31741750519375
-2.0942000000000003,0.7279000000000001,0.5454264999999999,0.3255527009875
-2.1766999999999994,0.7639499999999999,0.59778425,0.38194401033125003
-2.1475999999999997,0.7620000000000001,0.5941225,0.37731698796250007
-2.0537000000000005,0.6961000000000002,0.512353,0.30359115025
-2.0806000000000004,0.7037,0.516278,0.29894988334999995
-2.1768,0.76375,0.5989562500000001,0.38691740730625007
-2.1185,0.7217500000000001,0.5451397499999999,0.33419971351875005
-2.1698,0.73405,0.56409675,0.35948785869375
-2.199,0.7728,0.6084095,0.3927786057125001
-2.0784000000000002,0.70125,0.5232352499999999,0.31878801950624996
-2.1283000000000003,0.741,0.568803,0.351168969225
-2.1387,0.7410499999999999,0.56657825,0.3491377687062499
-2.1994,0.7669,0.5976415,0.37779023818749996
-2.1711,0.7617500000000001,0.5903657499999999,0.37001716826875
-2.1097,0.7260500000000001,0.54984075,0.33553569534374994
-2.1181,0.7302,0.557786,0.3446065565
-2.1376,0.72845,0.55472675,0.34026945029375
-2.1435000000000004,0.7371500000000001,0.5727342499999999,0.36622094155625
-2.1431999999999998,0.73745,0.56235025,0.34764130620625006
-2.0936000000000003,0.7245,0.543842,0.3254993080250001
-2.1262,0.7424,0.5646270000000001,0.34098967777499994
-2.0492999999999997,0.66,0.4829175,0.2907043791375
-2.0918,0.7092499999999999,0.5358192500000001,0.33226655223125
-2.1404,0.7572999999999999,0.5872265,0.37029219953750003
-2.1694999999999998,0.7685500000000001,0.59919975,0.37720959391875
-1.9713,0.64545,0.44585674999999997,0.24159318029375
-2.085,0.6794,0.5018279999999999,0.302295881925
-2.0343,0.6916,0.496145,0.27605988260000003
-2.0845000000000002,0.71125,0.52670375,0.31335739461875
-2.1221,0.7172499999999999,0.5449022499999999,0.34094392785625
-2.1464999999999996,0.7521000000000001,0.5825525,0.36580355521249996
-2.2103,0.7803,0.6215685,0.4052056435125
-2.0801,0.7138499999999999,0.53412675,0.32716172799375004
-2.1189,0.7248,0.547804,0.33449493535
-2.1191,0.74045,0.57332225,0.36359492710624997
-2.1244,0.7088500000000001,0.54389175,0.34635542296874994
-2.158,0.7471,0.5878070000000001,0.37996490885
-2.1367,0.7465500000000002,0.56968375,0.34955395751874996
-2.1137,0.728,0.5437795000000001,0.3217588118125
-2.2138000000000004,0.7740499999999999,0.61325925,0.40123052938125
-2.0685,0.70155,0.5171052500000001,0.29934544510625005
-2.1642,0.7611500000000001,0.59498425,0.37782929100624996
-2.2474000000000003,0.7920500000000001,0.64178275,0.43597756661875
-2.1924,0.74735,0.58740575,0.3822181916937499
-2.1866999999999996,0.7748499999999998,0.60757025,0.38466575485625
-2.1029999999999998,0.7371,0.5667525000000001,0.35113677573749996
-2.056,0.6757500000000001,0.49601425,0.29163031763124997
-2.1534,0.7585999999999998,0.5906005,0.37630766766249996
-2.1085000000000003,0.7096999999999999,0.5358455,0.32914410818750006
-2.1374999999999997,0.7359500000000001,0.5700047500000001,0.35814495484375003
-2.007,0.6625,0.47651200000000005,0.27182972942500006
-2.1067999999999993,0.70965,0.53788475,0.32962511346874995
-2.1412999999999998,0.7295,0.556607,0.345895345025
-2.1607,0.7629500000000001,0.59739925,0.38332593600625003
-2.2098,0.76495,0.61126575,0.40827630316874997
-2.1546,0.7542,0.5813835,0.3618394902375
-2.0573,0.6591499999999999,0.4843617499999999,0.28570767659374996
-2.1453,0.7544999999999998,0.59032,0.37599484240000003
-2.2018,0.7609999999999999,0.6029895000000001,0.3964059580875
-2.1647000000000003,0.74265,0.58239825,0.37808933773125003
-2.0665,0.6931500000000002,0.51238225,0.30424519073125
-2.0383999999999998,0.7102,0.522203,0.299309289725
-2.1051,0.7204500000000001,0.55106875,0.33987011179375004
-2.1311999999999998,0.7356,0.5590364999999999,0.3435916783125
-2.1682,0.7563,0.591959,0.381087677225
-2.0869,0.7087,0.523987,0.30587910512499994
-2.1631,0.7506499999999999,0.57838125,0.36101988073125
-2.1903,0.7739499999999999,0.61628025,0.40680603515624997
-2.0284,0.6467,0.468004,0.274755568825
-2.1355,0.7619500000000001,0.59059725,0.36762991588125
