# e, |m|, m2, m4 [calculated 2025-01-16 13:12:58.152899]
-1.7335999999999998,0.4690000000000001,0.27161250000000003,0.1141341502125
-1.8143,0.5212,0.327963,0.152465832225
-1.9468,0.6164499999999999,0.40779425,0.20224048000624997
-1.8685999999999998,0.5634,0.3674145,0.17757617996249997
-1.7860999999999998,0.5256000000000001,0.3221109999999999,0.142129435
-1.8239,0.57685,0.37494374999999996,0.18245617996875002
-1.7128999999999999,0.4549,0.24669750000000001,0.08397623133749998
-1.8924,0.58055,0.37202375000000004,0.17048120421875002
-1.7531000000000003,0.44945,0.26360374999999997,0.11703458466875
-1.8067000000000002,0.5353,0.3358015,0.1578395903125
-1.9522000000000004,0.62585,0.42689875,0.22477163351875004
-1.9423000000000001,0.62105,0.42144825000000014,0.21958867228124998
-1.8642,0.5419999999999999,0.33919400000000005,0.158222738825
-1.7966000000000002,0.55275,0.34669025,0.16463698285625003
-1.8476000000000001,0.5156,0.3209425,0.1485398273125
-1.7734999999999999,0.44975000000000004,0.26200975,0.11620516376875
-1.8449999999999998,0.5195,0.3187115,0.1473063413375
-1.9292999999999998,0.6126999999999999,0.4124515,0.2069856812125
-1.7929,0.5086,0.299405,0.1269551627
-1.7461000000000002,0.5195000000000001,0.3150625,0.13752145768750001
-1.7236000000000002,0.50465,0.29200624999999997,0.11856716763125
-1.7996999999999996,0.45485,0.26024675,0.10855030461875
-1.8607,0.5737,0.37148500000000007,0.177338862025
-1.8857,0.59555,0.38488725,0.17696888810624994
-1.7547000000000004,0.4559,0.259426,0.10713756684999998
-1.8583999999999998,0.56845,0.36033575,0.16847147871874998
-1.6588,0.42669999999999997,0.2238985,0.07820511771250001
-1.7763,0.5188,0.30834500000000004,0.130318813025
-1.7944,0.5292,0.33515500000000004,0.16271831860000002
-1.8453,0.55985,0.34861774999999995,0.16091275829375
-1.8182000000000005,0.55795,0.34823524999999994,0.15162839995625
-1.8469000000000002,0.49950000000000006,0.300481,0.1357951009
-1.8668,0.5766,0.37488800000000005,0.17846676132499997
-1.8141999999999998,0.50345,0.30013925,0.12917309770625
-1.8367000000000002,0.5243500000000001,0.32189275,0.14920120451875
-1.6357,0.37584999999999996,0.19768225000000006,0.08094986288125
-1.8133,0.55435,0.36110875,0.18111181279375
-1.8331,0.5227499999999999,0.32788375000000003,0.15966422434375
-1.8591000000000002,0.5761000000000001,0.36637749999999997,0.1698509145625
-1.7712,0.475,0.2713915,0.1142563010125
-1.8708,0.55135,0.35229725,0.16910118483125
-1.9191,0.5998,0.400578,0.20202607642499998
-1.7641,0.4629,0.2653465,0.11341415031249999
-1.9254,0.6109499999999999,0.40670924999999997,0.20251146973125
-1.7090000000000003,0.4390500000000001,0.25528825,0.11317404150625
-1.7235999999999998,0.4680499999999999,0.27629375,0.12139283496874999
-1.8175,0.5047,0.2980145,0.12743296448750002
-1.7775999999999998,0.5024500000000001,0.30981725,0.14558783560625
-1.7518,0.41705,0.24368825000000002,0.10926573175625
-1.8513000000000002,0.5355000000000001,0.3370445,0.15711590198750003
-1.8774000000000002,0.5633,0.36868850000000003,0.18317621521250005
-1.8239999999999998,0.5200499999999999,0.32912625000000006,0.16469558510625
-1.8848999999999998,0.5821500000000001,0.37839575000000003,0.18735708734374998
-1.5345000000000002,0.37229999999999996,0.16961400000000004,0.0476422347
-1.8239,0.5467000000000001,0.3508515,0.1692365092875
-1.6577000000000002,0.4239,0.22153849999999997,0.0790762396625
-1.8433,0.56205,0.34254825000000005,0.14217227293125
-1.8672000000000002,0.5396000000000001,0.3293559999999999,0.14256617829999998
-1.7866,0.4815,0.291141,0.131406057375
-1.8984,0.55395,0.36317725,0.18767062680625
-1.8938,0.6033,0.4066625,0.2104870474625
-1.7198000000000002,0.44229999999999997,0.24370600000000003,0.093803079325
-1.857,0.5240499999999999,0.32953575,0.15967471066875
-1.8638,0.5402,0.3413995000000001,0.1595714719375
-1.6927999999999996,0.42455,0.22855124999999998,0.08933029078125002
-1.7711000000000001,0.46815000000000007,0.27724225,0.12097190520625001
-1.9584000000000001,0.61225,0.42697975000000005,0.22935403159375004
-1.8436000000000001,0.5328499999999999,0.33989775,0.16538437029375003
-1.8482000000000003,0.5222000000000001,0.32975100000000007,0.15681729705
-1.8371999999999997,0.5269999999999999,0.3373155,0.1653994531875
-1.7862,0.49134999999999995,0.29995325,0.14291882590625
-1.8205,0.5270999999999999,0.32673500000000005,0.15146002925000002
-1.6432,0.44035,0.23973175000000002,0.09308386451875002
-1.7831000000000001,0.4923499999999999,0.28939275,0.12335098599375001
-1.875,0.5659000000000001,0.36358950000000007,0.17628209561250002
-1.8138999999999998,0.4920999999999999,0.29638000000000003,0.134962674175
-1.7172,0.4788499999999999,0.27559425,0.10930519903125001
-1.6343,0.4270999999999999,0.22338200000000005,0.081487553225
-1.7329999999999999,0.48505,0.27079775,0.10253698761875
-1.8128,0.52925,0.32562725,0.14624921350625
-1.6791999999999998,0.47285,0.26697775,0.10564342691875
-1.7050999999999996,0.44550000000000006,0.24985550000000004,0.09724567118750001
-1.8392000000000002,0.5224500000000001,0.31838875,0.14216521669374999
-1.9408000000000003,0.5848499999999999,0.37807025000000005,0.18442804113125
-1.9380000000000004,0.5926,0.39342900000000003,0.197777840175
-1.8342999999999998,0.5605,0.359634,0.17017459260000004
-1.8342999999999998,0.59065,0.38394775,0.18405382099375003
-1.867,0.5296,0.3289060000000001,0.14928674087500002
-1.8313,0.53095,0.33209225,0.15523626490625003
-1.7748999999999997,0.48260000000000003,0.2856245,0.1265350460375
-1.8732000000000002,0.5494499999999999,0.34285975,0.15738203546874996
-1.9572,0.6204,0.42305049999999994,0.22589140026249996
-1.9048000000000003,0.59095,0.39922025000000005,0.20763309543125
-1.7734999999999999,0.52675,0.32268325,0.14730383738125
-1.8429999999999997,0.5386,0.33943100000000004,0.15967119859999998
-1.6759,0.3987,0.20802199999999998,0.07453061397499999
-1.8067999999999997,0.5157,0.31148050000000005,0.1330159622875
-1.8046,0.54815,0.3530757500000001,0.17007762756875
-1.8176,0.5171000000000001,0.3183375,0.1455101746125
-1.7631000000000001,0.4900500000000001,0.28723275000000004,0.12214143061874999
