# e, |m|, m2, m4 [calculated 2025-01-16 13:13:35.304630]
-2.2617999999999996,0.7942999999999999,0.6426434999999999,0.4371508717125
-2.2521,0.7905,0.6413205000000001,0.4420338543375001
-2.276,0.8150000000000002,0.6707515000000001,0.46531800276249996
-2.3067,0.8195,0.681353,0.48210288102500004
-2.2313,0.79405,0.63875375,0.42603227699374996
-2.2539999999999996,0.78485,0.63070625,0.4248384882312499
-2.3477,0.8397500000000001,0.70947575,0.51430519566875
-2.3089,0.81365,0.6719032500000001,0.47027460853124997
-2.3445,0.8445,0.7164065000000001,0.5218175133874999
-2.3012,0.8195999999999999,0.6806035,0.48041107798750005
-2.2081,0.77775,0.61544175,0.39886941549375005
-2.2667,0.7872999999999999,0.6345040000000001,0.42815530847500005
-2.3446000000000002,0.8292999999999999,0.6960495,0.5040700456875001
-2.2703,0.8094999999999999,0.6613815,0.4514768632875
-2.2331,0.7777499999999999,0.62409325,0.41952616395625
-2.3291999999999997,0.8261999999999999,0.6949255000000001,0.5070138393625
-2.2849,0.8006,0.6513375,0.4453498903875
-2.2837,0.8002000000000001,0.661864,0.47239341189999995
-2.3146,0.8309499999999999,0.6952717500000002,0.49505815254375
-2.2756,0.79775,0.6526972500000001,0.45309229528125
-2.3188999999999997,0.8227999999999999,0.6841264999999999,0.4857645021125
-2.2725999999999997,0.8048999999999998,0.6580800000000001,0.455714717625
-2.3277,0.8304,0.6956025,0.4984100812125001
-2.2987,0.8282500000000002,0.6900082499999999,0.48627809570625
-2.2274000000000003,0.7636,0.6118495,0.4154531623375
-2.2077,0.7679999999999998,0.6159285000000001,0.4108935390374999
-2.2913,0.8137000000000001,0.670854,0.47032061594999997
-2.3038,0.8259500000000002,0.6877737500000001,0.48638516016874994
-2.2642,0.80775,0.6632707500000001,0.46279427356874997
-2.258,0.8123000000000001,0.66411,0.45171223132500005
-2.2352000000000003,0.7755500000000001,0.6181607499999999,0.41146587791875
-2.3116000000000003,0.8288000000000001,0.6928435000000001,0.49493429638750003
-2.3026,0.81845,0.6754382500000001,0.46946739555625
-2.264,0.8112,0.6625935,0.4503828721125
-2.2954,0.8166500000000001,0.67320425,0.46805785578125003
-2.3069,0.8205499999999999,0.6851067500000002,0.48896710881875
-2.2378,0.7762999999999998,0.625357,0.4254691186750001
-2.2859,0.8187000000000001,0.6768995000000001,0.47205858383749993
-2.3024,0.82675,0.68880725,0.48769172530625
-2.2372,0.7775500000000001,0.62284975,0.41712402671875
-2.2600000000000002,0.8116500000000001,0.6646722500000002,0.45570149470625
-2.2718000000000003,0.7957,0.6591185000000002,0.47100742043750005
-2.2684,0.8079000000000001,0.6656350000000001,0.46337021342499995
-2.2534,0.80695,0.65848675,0.45077595356875
-2.2781,0.8172499999999999,0.6738567500000001,0.46728462824374994
-2.2975000000000003,0.82375,0.6850902500000001,0.48407719285624995
-2.2954000000000003,0.8145999999999998,0.678194,0.4775664637999999
-2.3344,0.8315499999999999,0.6966182499999999,0.49805100870625
-2.3039,0.82695,0.6909292499999999,0.49345938650625
-2.2681000000000004,0.8049,0.6545994999999999,0.4443056818374999
-2.2607,0.79375,0.64579225,0.44607488573125
-2.2876,0.8190500000000001,0.6778292499999999,0.4741239582062499
-2.3038000000000003,0.8229499999999998,0.6816227499999999,0.47558841904374993
-2.2501,0.7883500000000001,0.6356612500000001,0.42827927153124995
-2.3142,0.8260500000000001,0.68783225,0.4871898459312501
-2.26,0.8036500000000001,0.65238625,0.44126238900625
-2.3062,0.823,0.6830134999999999,0.48077968696250006
-2.2845,0.8096499999999999,0.6626767499999999,0.45562965901874997
-2.2561,0.8040499999999998,0.65260875,0.43936873944374993
-2.2759,0.80495,0.65967475,0.46053669791875
-2.3024,0.8042,0.657466,0.455735305525
-2.3011,0.81395,0.6739132499999998,0.47943807905625
-2.3214,0.8245000000000001,0.6875885,0.4906725360875
-2.3352,0.8297,0.69326,0.4929458998249999
-2.3513,0.83015,0.69766975,0.5050434270437499
-2.3026,0.8168,0.6753104999999999,0.4725405703125
-2.2817000000000003,0.8161,0.6739305000000002,0.47150504006249994
-2.3397,0.82915,0.69952625,0.5099213824062501
-2.3116,0.81395,0.67476775,0.47593945609375005
-2.2558999999999996,0.79705,0.64340475,0.43305173686875004
-2.3326,0.836,0.7032615000000001,0.5054175014625
-2.3215,0.8290000000000002,0.69414,0.497984464725
-2.2464,0.7970000000000002,0.644686,0.43585394559999996
-2.2333,0.7868999999999998,0.633521,0.42813136189999995
-2.2971,0.8242499999999999,0.68549825,0.48478954923125
-2.3081000000000005,0.8258,0.6873925,0.4854424933375
-2.2226999999999997,0.7798499999999998,0.6258747499999999,0.41922861134375
-2.2375,0.79495,0.64064125,0.43021344840625003
-2.3181000000000003,0.8262999999999999,0.6927754999999999,0.49828745401249996
-2.2813999999999997,0.8074499999999999,0.66030175,0.45447129349375
-2.3577999999999997,0.845,0.7204165,0.5347781448625
-2.2680000000000002,0.8064,0.6590685000000001,0.4536130933875
-2.2626,0.79,0.6439974999999998,0.4449562348375001
-2.3089000000000004,0.8258,0.6881935000000001,0.48886294911250006
-2.2724,0.8102000000000001,0.6701410000000001,0.470285823625
-2.2557,0.79415,0.6468082499999999,0.44574152833125
-2.3525000000000005,0.8375999999999999,0.7077934999999997,0.5162015348375
-2.2883,0.8055,0.6563915000000001,0.44824097183750006
-2.2792999999999997,0.8086500000000001,0.66469175,0.46478012976875
-2.3104,0.8069500000000001,0.66315725,0.46419614508124996
-2.3017999999999996,0.8125999999999999,0.6785624999999998,0.48276839576249997
-2.3196,0.8317999999999999,0.6969615,0.49789843181249993
-2.3261999999999996,0.83745,0.70478425,0.50619867390625
-2.2492,0.8068499999999998,0.65742375,0.44660388129375
-2.3343000000000003,0.8304,0.6966615,0.5010453971625001
-2.2982,0.8194499999999999,0.6773042500000002,0.4731806606312501
-2.28,0.8018000000000001,0.6568894999999999,0.4539052604375
-2.2838,0.7865000000000001,0.6440009999999999,0.44902792305
-2.3271,0.8357999999999999,0.7032675,0.5060929609125
-2.2226000000000004,0.78555,0.62591175,0.4108689830437499
