# e, |m|, m2, m4 [calculated 2025-01-16 13:12:55.157653]
-1.6031,0.35019999999999996,0.1748175,0.06257241963749999
-1.7446000000000002,0.5017499999999999,0.29883275000000004,0.12702828831875
-1.7473999999999998,0.45264999999999994,0.26269475,0.10856639181875001
-1.7345000000000002,0.47735,0.27929825,0.12256449490625
-1.8225,0.5205,0.31980000000000003,0.1435935705
-1.8174,0.51475,0.31478375000000003,0.14183224829375002
-1.9168000000000003,0.5858,0.3854194999999999,0.19670089118750003
-1.8834,0.6028,0.40139899999999995,0.20085548517500001
-1.781,0.4452999999999999,0.25211550000000005,0.10164375296249999
-1.7103,0.4609500000000001,0.26908825000000003,0.11396642010625
-1.8931000000000002,0.5658500000000001,0.37338275,0.18931599884374997
-1.7836999999999998,0.49890000000000007,0.302118,0.133978740375
-1.7982,0.48965,0.28223525,0.11781050688125
-1.828,0.52945,0.33002424999999996,0.15351921563124998
-1.7312,0.447,0.25905700000000004,0.11134260864999998
-1.7803000000000002,0.5046,0.30993049999999994,0.1412789586875
-1.7792,0.5342,0.32713800000000004,0.14225599575000003
-1.8171000000000002,0.4548,0.273315,0.12674926335
-1.7666000000000002,0.46085,0.25399175,0.09521056169374999
-1.7656000000000003,0.46055,0.26578275,0.11067576939375001
-1.7164,0.47365,0.27579675000000003,0.11651893419375003
-1.7753999999999999,0.52635,0.31143775,0.13039287461875
-1.7136000000000005,0.4425,0.2390395,0.08494858581250002
-1.6817,0.4383500000000001,0.24323625,0.09690388213125001
-1.7792999999999999,0.45929999999999993,0.25960350000000004,0.10465020401250001
-1.7721,0.49524999999999997,0.29701475,0.12988889166875
-1.8237999999999996,0.5333000000000001,0.335544,0.15936924375
-1.765,0.48235,0.29870725000000004,0.14012443328125002
-1.7630000000000001,0.52305,0.32251925,0.14968124140624997
-1.6846999999999996,0.452,0.25330700000000006,0.10278590502500001
-1.7994999999999999,0.51435,0.30784675000000006,0.13317914059375
-1.8441000000000003,0.5621999999999999,0.34933949999999997,0.1565649943875
-1.7009000000000003,0.44235,0.24324674999999998,0.09353182254374999
-1.8595,0.5337999999999999,0.34192900000000004,0.17113322829999997
-1.7454999999999998,0.44925,0.26466324999999996,0.11813468130624998
-1.795,0.51975,0.31289625,0.13294952240625002
-1.8671,0.5633,0.3567385,0.1694322317125
-1.7328000000000001,0.4747,0.269245,0.10578154105000001
-1.579,0.3212,0.1367705,0.0365099340875
-1.6667999999999998,0.44825,0.25558175,0.10337719191875001
-1.6232000000000002,0.4116499999999999,0.23939074999999999,0.10438112549374999
-1.6496000000000002,0.4182,0.2205915,0.08173165421249999
-1.7392,0.4819,0.27957899999999997,0.117655163625
-1.817,0.5355,0.336023,0.158000955725
-1.7240999999999997,0.45,0.2588475,0.1103589543375
-1.8758,0.5322,0.3329835,0.1566909136125
-1.7529,0.4993000000000001,0.29554800000000003,0.12826813455000002
-1.8229999999999997,0.5296500000000001,0.32903775,0.15053490361875002
-1.7044,0.41940000000000005,0.2278685,0.08931217538750001
-1.6515,0.43,0.22728500000000001,0.07716832647500001
-1.8476,0.5301,0.33613600000000005,0.16081130050000003
-1.7552,0.5226,0.308566,0.13253591469999998
-1.8577,0.5637000000000001,0.3610979999999999,0.170287896525
-1.7731000000000003,0.49989999999999996,0.299022,0.13462120327500002
-1.6554000000000002,0.41979999999999995,0.2264755,0.0839118351625
-1.6228,0.38420000000000004,0.19588350000000002,0.0704160997125
-1.7374,0.46065,0.25384125,0.09842973335625002
-1.6696,0.37620000000000003,0.19995300000000005,0.07794508702499998
-1.8433999999999997,0.5384500000000001,0.33631025000000003,0.15561187570624999
-1.8024,0.49824999999999997,0.28923075,0.12391367739374999
-1.7662,0.49674999999999997,0.29584175,0.13000180926875
-1.8266999999999998,0.49385000000000007,0.30018425,0.13755653080625
-1.7143999999999997,0.43225,0.24526975,0.10790724469375
-1.821,0.57215,0.3524062500000001,0.14983180475625
-1.737,0.44079999999999997,0.23098549999999998,0.08153892188750002
-1.631,0.38145,0.19646025,0.07327943180625
-1.7967000000000002,0.5123500000000001,0.30514125,0.12996729148125
-1.8625999999999998,0.53295,0.33602424999999997,0.15900777330625002
-1.8252000000000004,0.53035,0.33692374999999997,0.15964043316874998
-1.8528,0.57445,0.37083525,0.17849271838125003
-1.9167,0.61785,0.4214057500000001,0.21721786069375
-1.712,0.4537,0.24943449999999998,0.0973523665375
-1.8433999999999997,0.5381999999999999,0.320574,0.1326751728
-1.7789000000000001,0.5013500000000001,0.29639475000000004,0.12232074871875001
-1.6602000000000001,0.4426,0.2345505,0.08912861763750003
-1.8468,0.5425000000000001,0.34469,0.16560465230000002
-1.8958,0.5284499999999999,0.33785974999999996,0.16369646181874997
-1.7152,0.4597,0.2532535,0.10116440061249998
-1.7872,0.4937499999999999,0.29405375,0.13052898636875004
-1.7588999999999997,0.45605000000000007,0.26504925,0.11308417423125
-1.7329999999999999,0.4461500000000001,0.26568274999999997,0.11841761894374998
-1.7687,0.5000500000000001,0.29211574999999995,0.12171041421874998
-1.7856999999999998,0.52195,0.32622324999999996,0.15196349895625003
-1.6706999999999999,0.4092,0.21491550000000004,0.0796403836875
-1.7522,0.4679,0.262852,0.10210906150000001
-1.7523000000000004,0.45964999999999995,0.25804775,0.10372714709375
-1.7445999999999997,0.4415,0.24754549999999997,0.09760005158750001
-1.7837,0.4839,0.29734150000000004,0.1369249310875
-1.8621,0.51935,0.32518925,0.15750510093125
-1.8502999999999998,0.5327000000000001,0.336936,0.1628589156
-1.7768000000000002,0.45785000000000003,0.26285825,0.11224415508124999
-1.8671000000000004,0.53285,0.35662774999999997,0.18993704744375
-1.9371,0.5993,0.39868100000000006,0.19880890849999996
-1.7694,0.50105,0.30597525000000003,0.13884219508125004
-1.872,0.55625,0.36949525,0.18462565973125
-1.7532999999999999,0.49889999999999995,0.29097950000000006,0.1159615971875
-1.8090000000000002,0.53125,0.32536475000000004,0.14330965851875
-1.7497,0.47794999999999993,0.29690075000000005,0.14796385281875002
-1.8073000000000001,0.5112000000000001,0.3042325,0.1340530073125
-1.8316999999999999,0.50815,0.31036625,0.13823352055625002
