# e, |m|, m2, m4 [calculated 2025-01-16 13:13:27.646855]
-2.1355999999999997,0.7245,0.545252,0.3318850955
-2.1889000000000003,0.7628,0.603897,0.40084472947499994
-2.2828,0.8089999999999999,0.6635725000000001,0.45893027601249997
-2.2741000000000002,0.8128500000000001,0.6682837499999998,0.46208503351875
-2.2376,0.7776000000000002,0.620843,0.41187153335000004
-2.164,0.7269,0.5687245,0.36893574883749997
-2.2258,0.78445,0.63271225,0.42580415828124996
-2.2117,0.7915500000000002,0.63314925,0.41571689630625003
-2.2384,0.79175,0.63799725,0.42825915388124997
-2.1651000000000002,0.74015,0.57280425,0.36347241650625
-2.2411000000000003,0.7900999999999999,0.6401835,0.4346875942125
-2.1700999999999997,0.7605999999999998,0.6019915,0.3968064071124999
-2.1755999999999998,0.77185,0.6077327499999999,0.38948977796875006
-2.1748,0.7555,0.5909065,0.3791684123125
-2.2518000000000002,0.8058,0.6567155,0.4467572393375
-2.117,0.7299499999999999,0.54949025,0.33094773130625
-2.1935,0.7747999999999999,0.6076775,0.38621412683749995
-2.2659,0.7959999999999999,0.6442935,0.43511088633749995
-2.1079000000000003,0.6992499999999999,0.51909225,0.30698627353124996
-2.1559,0.7392,0.5826675,0.3805949353125
-2.188,0.7623500000000001,0.6048812499999999,0.40244940608125
-2.2064,0.7887000000000001,0.6322615,0.4183850207125
-2.2357,0.8065999999999999,0.6561319999999999,0.4428881746249999
-2.2167,0.7759999999999999,0.6182054999999999,0.4102838791875
-2.1311,0.7110000000000001,0.5487615,0.35161855323749996
-2.1865000000000006,0.7603,0.600093,0.39091523505
-2.3021,0.8185499999999999,0.67962275,0.47786718629375
-2.2601999999999998,0.7985500000000002,0.65476675,0.4539653466437501
-2.191,0.7667999999999999,0.599901,0.38368341060000005
-2.2622,0.7922,0.6427085000000001,0.4413290628125
-2.2340999999999998,0.7807,0.6272065000000001,0.4243072591375
-2.2246,0.7867000000000001,0.6399320000000001,0.43704566990000004
-2.2569,0.7848999999999999,0.6319914999999999,0.42563569843750004
-2.2152000000000003,0.7856000000000002,0.6286505,0.41856518528750003
-2.1638,0.7464,0.5850475,0.38017140096249996
-2.2015000000000002,0.79045,0.6327497500000001,0.4169815615187501
-2.2405,0.7857000000000002,0.634658,0.42866706192500004
-2.1552000000000002,0.73965,0.57577925,0.36692541378125
-2.1967999999999996,0.7607,0.590098,0.37190047937500004
-2.2131,0.7749499999999999,0.61396375,0.40333747616875004
-2.2512,0.7892500000000001,0.63878175,0.43562219191875007
-2.2005999999999997,0.76825,0.61566175,0.41780445874375
-2.2605,0.8130000000000002,0.6665165000000001,0.4576307238875
-2.1586,0.7558,0.5843149999999999,0.36898671694999996
-2.2588,0.8062,0.6574549999999999,0.447524880425
-2.1322,0.7136999999999999,0.5411095000000001,0.33652628136249996
-2.2285,0.7891499999999999,0.63613725,0.42979767320625
-2.1615,0.7511,0.5802815,0.3650825937875
-2.2334,0.7942500000000001,0.6371172500000001,0.4203572970312501
-2.1924,0.7662,0.6002525,0.38490998633749995
-2.2545,0.7992500000000001,0.6497812500000001,0.44114791010625
-2.1692,0.7526499999999998,0.58229275,0.36898916329375
-2.2232,0.7713500000000001,0.62274175,0.42043338724374996
-2.1536999999999997,0.7496,0.576167,0.35912426712500006
-2.1883,0.7730499999999999,0.60913625,0.39344254233125
-2.2447000000000004,0.7993499999999999,0.64615325,0.43413823023125
-2.2596000000000003,0.79815,0.64631175,0.43882318389375
-2.1012,0.7181000000000001,0.5382875,0.3254003569624999
-2.074,0.70575,0.52449775,0.31075932566875
-2.1778999999999997,0.7730499999999999,0.60820075,0.39228444289375
-2.2528,0.7983,0.6470984999999999,0.4392810765375
-2.1556,0.7576500000000002,0.59130425,0.37448745010625006
-2.2096999999999998,0.7852999999999999,0.6284475,0.41526221718749995
-2.2702,0.7948999999999999,0.6432705,0.4356416725875
-2.2078,0.7907000000000002,0.633509,0.41899862644999997
-2.2302999999999997,0.7980999999999999,0.649169,0.4396025539999999
-2.1943,0.7667499999999999,0.5977822500000001,0.37764383698125004
-2.239,0.79665,0.6430822500000001,0.43248844205625
-2.2496,0.7916000000000001,0.636738,0.42634636095000006
-2.2123,0.7673000000000001,0.6082685,0.40061254426250004
-2.2426000000000004,0.7919000000000002,0.637768,0.42850368940000005
-2.216,0.7773,0.6144944999999999,0.3994195096125
-2.1796,0.7668,0.5996785,0.3837019853125
-2.2340999999999998,0.77495,0.62359375,0.4243924399937499
-2.2087,0.7810000000000001,0.6236155,0.40963732933749997
-2.1608,0.75715,0.59177475,0.37912332511875
-2.2910999999999997,0.82355,0.68240075,0.47581235384375
-2.1889000000000003,0.7703,0.6079195,0.39438594898749996
-2.2023,0.75905,0.59490375,0.38403634629375
-2.1454,0.73655,0.56357875,0.35224284919375004
-2.2229,0.7784,0.6237584999999999,0.4175822226375
-2.1645000000000003,0.7615999999999999,0.5910545,0.3707632665124999
-2.1792999999999996,0.7676499999999998,0.60132175,0.38713541239375
-2.2603000000000004,0.7952000000000001,0.6446864999999999,0.43911558761249997
-2.2317,0.79215,0.63400025,0.41659385650624997
-2.1893000000000002,0.7624500000000001,0.59396925,0.3772863247312499
-2.2248,0.7878000000000002,0.631202,0.42122710055000007
-2.2173999999999996,0.7719999999999999,0.611,0.40136891862499996
-2.1672,0.74715,0.5774187500000001,0.36988777461875005
-2.2628,0.7876000000000001,0.6469889999999999,0.44753650995
-2.1316,0.7104,0.5499465,0.35409603731249994
-2.2036999999999995,0.7689999999999999,0.6083685,0.39761604528749994
-2.1245000000000003,0.71325,0.53927925,0.33210850235624995
-2.1631,0.7587,0.589553,0.373168399025
-2.1935,0.7737999999999999,0.612842,0.4026970329500001
-2.2297000000000002,0.7987000000000001,0.6476884999999999,0.43862588896250004
-2.1992000000000003,0.7746999999999999,0.6127520000000001,0.40018366459999993
-2.1937,0.7586999999999999,0.5961004999999999,0.38529862636249995
-2.2256,0.76825,0.61219575,0.41076745591875
-2.1836,0.7555499999999999,0.5854827499999999,0.37033699319375
