# e, |m|, m2, m4 [calculated 2025-01-16 13:13:36.825773]
-2.336,0.8306500000000001,0.6990772500000001,0.50709531403125
-2.2856,0.8208000000000001,0.6785429999999999,0.4719022902
-2.2606999999999995,0.80285,0.65156775,0.44186902524375
-2.3432,0.8369,0.7055155,0.5104849715875
-2.2718,0.8016000000000001,0.6524895000000001,0.4462175983875
-2.2723,0.8080499999999999,0.66002425,0.45267246030625
-2.2975,0.8197999999999999,0.682118,0.4879996901
-2.3388999999999998,0.82735,0.69159075,0.49490353044374996
-2.3065,0.8244999999999999,0.6844905,0.48002818526249996
-2.3110000000000004,0.82845,0.6918927500000001,0.49238184179375005
-2.3282,0.81875,0.6807297500000001,0.48574392846875
-2.3006,0.8258,0.6861315000000002,0.4814161665375001
-2.2853999999999997,0.8146,0.6721055000000001,0.47005059878750005
-2.2882,0.82595,0.68901275,0.49076072744375004
-2.2965999999999998,0.8183,0.6765799999999998,0.473941124675
-2.3285,0.8349,0.7025905,0.5071981496875
-2.2912,0.8101000000000002,0.6672405,0.4674472867875
-2.3079,0.8315,0.69684,0.49909169452499996
-2.3347999999999995,0.8240000000000001,0.6884035000000001,0.49470766783750003
-2.3024,0.8207499999999999,0.6798602499999999,0.47752440338124996
-2.3004000000000002,0.8196000000000001,0.6783075,0.47627911781250004
-2.3341,0.83315,0.7028367499999999,0.50893729859375
-2.2887,0.8114,0.66786,0.46623236122499995
-2.3112,0.8292999999999999,0.694238,0.4965545324749999
-2.3566000000000003,0.83655,0.7059302500000001,0.51292348598125
-2.2703,0.7985,0.645712,0.43566927324999993
-2.3407999999999998,0.8273,0.6907585,0.49252918461249995
-2.2928,0.8210000000000001,0.6808599999999998,0.47938250469999993
-2.3209999999999997,0.8355,0.7036385000000002,0.5086444197875
-2.2670000000000003,0.8031,0.6550615000000001,0.45067085541249996
-2.2883,0.8208,0.679817,0.4764343637
-2.3147999999999995,0.8144999999999999,0.6736735000000001,0.4725956798125
-2.2389,0.7866,0.636317,0.4357163093
-2.3472999999999997,0.8227500000000001,0.68849325,0.49612098823125
-2.2361,0.8071,0.6596335000000002,0.45303465006249993
-2.3207000000000004,0.8253499999999999,0.6879632499999999,0.49001117295625
-2.3242000000000003,0.8122000000000001,0.6779560000000001,0.489102679
-2.3815999999999997,0.8527,0.7316475,0.5463644770125
-2.267,0.7972500000000001,0.64577775,0.43854412569375
-2.2806,0.8102499999999999,0.66294725,0.45362777455625003
-2.313,0.82745,0.6892817499999999,0.48684216139375003
-2.2515,0.7903500000000001,0.63845225,0.43481394130625
-2.2036999999999995,0.7666,0.608029,0.3995562854499999
-2.2470999999999997,0.79145,0.6359997499999999,0.42564539714374994
-2.3242999999999996,0.8234500000000001,0.6877337499999999,0.49297928231875005
-2.2609,0.7989499999999999,0.65119275,0.45010394739375004
-2.2859,0.814,0.6712854999999999,0.4706056922875
-2.2991,0.82175,0.6812522499999999,0.47789125553124995
-2.3237,0.8249,0.6880225000000002,0.48960902743749996
-2.3161,0.8313999999999999,0.6963030000000002,0.497475977475
-2.3291000000000004,0.8386,0.707112,0.51049781295
-2.2971,0.8065000000000001,0.6700505000000001,0.47415242378749994
-2.3118,0.82805,0.69161775,0.49276574334375
-2.3441,0.8345999999999999,0.7021844999999999,0.5060906524875
-2.3069,0.82585,0.6879257499999999,0.48784880081875004
-2.3002,0.8188500000000001,0.6842597499999999,0.48967894571875
-2.2727,0.8230500000000001,0.6822862500000001,0.4779272494312501
-2.2701000000000002,0.7842999999999999,0.636881,0.442214939825
-2.3346,0.8277500000000001,0.69803075,0.5081139388437499
-2.3367999999999998,0.8333499999999999,0.70102775,0.50697572399375
-2.295,0.8216999999999999,0.6809405000000001,0.47785633538750005
-2.3002000000000002,0.8147999999999999,0.671877,0.46848814034999997
-2.2588999999999997,0.7897,0.6349340000000001,0.42781529607499996
-2.2862999999999998,0.81,0.6649480000000001,0.46164287665000003
-2.3842999999999996,0.8525500000000001,0.73031075,0.54285670424375
-2.2647999999999997,0.80715,0.6629842499999999,0.46231616983125
-2.2914000000000003,0.8159000000000001,0.674349,0.4722913221
-2.3132,0.82095,0.68603975,0.49302206496874995
-2.3363,0.8333499999999999,0.70286175,0.51213838029375
-2.3245,0.8347,0.7015754999999999,0.5037061711874999
-2.3283,0.8281000000000001,0.6936235,0.4997570072875
-2.3227999999999995,0.8251500000000002,0.6862007500000001,0.4841441779937499
-2.3364000000000003,0.8410500000000001,0.71035225,0.51267973703125
-2.2723,0.8077,0.6625135,0.4620258593125
-2.3414,0.8428,0.7147235000000001,0.5215433154875
-2.2807000000000004,0.8032,0.6567109999999999,0.45215541162499995
-2.3245999999999998,0.8222499999999998,0.6842672499999999,0.48661166528125
-2.3442000000000003,0.8321999999999998,0.702762,0.514153553325
-2.2806,0.8099,0.6640115,0.4603858297625
-2.3104,0.8146,0.6748100000000001,0.4782184188500001
-2.3096,0.81675,0.6749317499999999,0.47159040369375
-2.3117,0.8299499999999999,0.69390975,0.49385525769374994
-2.2256,0.76275,0.60119575,0.39735344749375
-2.3245,0.8336500000000001,0.70023125,0.5038335838062501
-2.241,0.78925,0.6349717500000001,0.42624645841875003
-2.317,0.82,0.679423,0.47717260232500003
-2.4013,0.84915,0.73197875,0.55342941974375
-2.3367,0.8399,0.7086189999999999,0.51078268885
-2.3045,0.82455,0.6871742500000001,0.48979945703125005
-2.2343,0.7839999999999999,0.629927,0.421858024625
-2.3061000000000003,0.8291,0.6926115,0.49275319743749996
-2.3039000000000005,0.8126000000000001,0.6717854999999999,0.47109864318749994
-2.3289,0.8369999999999999,0.704981,0.5087198668249999
-2.2351,0.7821000000000001,0.631194,0.423015829575
-2.3305999999999996,0.8317999999999999,0.6958435000000002,0.49432408281250007
-2.3015999999999996,0.8213499999999999,0.6812927499999999,0.47830143709375006
-2.3176,0.8253499999999999,0.6890637500000001,0.49105816716875006
-2.2803999999999998,0.8127,0.6691375,0.46752432718750003
-2.3721000000000005,0.8550500000000002,0.7356487500000002,0.55162743999375
-2.2516,0.7977000000000001,0.6473455,0.4399589565625
